100
100
995
0 6         0.03971701396616036939
0 36         0.57669051577182972590
0 39         0.21156546576487156308
0 45         0.76907448599537575618
0 46         0.82676941008622262252
0 50         0.88634432986674105415
0 77         0.79375344970903982666
0 97         0.82589457641630181772
1 3         0.98110859002038308674
1 13         0.22196554216647779167
1 56         0.22610662515559543095
1 76         0.71619947101743863804
1 83         0.19553806641862636617
1 97         0.43195341826973177035
2 2         0.05342229551329384651
2 10         0.41717359815592580663
2 13         0.39309726068428590962
2 16         0.48772070160495151203
2 29         0.61263983259566123785
2 31         0.61549100494733588462
3 1         0.98110859002038308674
3 16         0.66325156607816537768
3 19         0.79779805187033403513
3 25         0.38043446111513046226
3 28         0.68598636457975314951
3 33         0.65914604983252755854
3 83         0.53958392773735519565
4 22         0.84927160891204678261
4 35         0.56875398083066286414
4 40         0.07699468083539730279
4 43         0.98359573817979351062
4 48         0.23389170469431752597
4 51         0.93151806198596864839
4 54         0.61124118213133937783
4 56         0.38666929182907067153
4 60         0.64754769655296007258
4 71         0.52682699008231381743
5 10         0.63764015288913633572
5 18         0.46184778374705826032
5 20         0.32837443814071565207
5 25         0.90220807348480824839
5 34         0.39374609077058086992
5 48         0.12966339948105784496
5 67         0.33497169070642984767
5 69         0.14179637848483228613
5 76         0.95971639592187307777
5 79         0.62298781360638688653
5 90         0.11328055482044842306
6 0         0.03971701396616036939
6 17         0.44674252180696583103
6 28         0.65402863437963121296
6 36         0.03551929585427013314
6 51         0.35924667695502132680
6 59         0.94322208824717534981
6 61         0.81937403176882028788
6 64         0.99352771602269618345
6 65         0.79347038818219228773
6 85         0.67990375481541442948
7 33         0.69246346116646351199
7 47         0.04636518845631051183
7 74         0.01799767744634192188
7 97         0.34494295499517718673
7 98         0.80464069815568661781
8 29         0.77270593017931377133
8 40         0.88072508754242451179
8 53         0.86943978577360503390
8 65         0.25726548221766271096
8 68         0.96740513852210952006
8 69         0.25667331426249506698
8 72         0.59504525670551011718
8 76         0.88007523626092598601
8 93         0.53611457279702390277
9 31         0.28718946189023064619
9 36         0.13905819977589797820
9 53         0.30824685530189743776
9 65         0.11220535082379605452
9 81         0.73895938263226268461
9 87         0.31298954613180346440
9 90         0.32601346323546648298
9 92         0.14424626535933757210
10 2         0.41717359815592580663
10 5         0.63764015288913633572
10 21         0.17272213249128412493
10 31         0.45826855136932270751
10 32         0.80937067736376577809
10 49         0.43219911327222321207
10 69         0.51034902665314685333
10 93         0.22441548166070854342
11 39         0.83682776467726927017
11 42         0.25021030206708716470
11 57         0.57312186321854674542
11 85         0.94700096498569519277
11 99         0.12666924257141967680
12 27         0.14834193799101838551
12 31         0.12266403861467914393
12 38         0.56332674322804754397
12 58         0.32454141710165024248
12 67         0.91739473534626636564
12 78         0.72829567395536953800
12 79         0.94664049239207082032
12 86         0.31356008691413334022
12 90         0.51504908106990576755
13 1         0.22196554216647779167
13 2         0.39309726068428590962
13 38         0.16396800343132020283
13 57         0.53941341794068620175
13 61         0.38289593271114674700
13 73         0.77427349461907213346
13 79         0.04882581254878352178
13 86         0.63352216949384765332
13 94         0.70699525890266301520
14 16         0.37663084705203347946
14 38         0.64978654945724945158
14 55         0.70091034877156388472
14 65         0.93085426601155396575
14 68         0.65720090906005390607
14 73         0.46747087476191617750
14 74         0.05016788516667107511
14 81         0.23524518368544297675
14 83         0.29460130086848573816
14 87         0.92306912733384838265
15 19         0.70861561024031394229
15 27         0.36215433122690504630
15 33         0.97069263503453351305
15 41         0.64684047486951601336
15 49         0.92551108259964320890
15 57         0.64652018325706950286
15 70         0.52599535022210108792
15 73         0.87901258602692400324
15 93         0.19755136929338396046
15 96         0.38732254197230681081
16 2         0.48772070160495151203
16 3         0.66325156607816537768
16 14         0.37663084705203347946
16 20         0.87341381836375864278
16 24         0.03826483573683762962
16 29         0.25443247019054016089
16 41         0.51435169415285419969
16 83         0.69369207028937152071
16 94         0.63777096878633410260
17 6         0.44674252180696583103
17 17         0.31686713747534300811
17 18         0.25696905155525034958
17 23         0.70606673215798421150
17 30         0.03566643830186987107
17 46         0.05343939878672333138
17 59         0.59727976033337404349
17 69         0.95875345261709454814
17 92         0.78600209801737319637
17 97         0.93500398655189387309
17 99         0.40237877490109708045
18 5         0.46184778374705826032
18 17         0.25696905155525034958
18 23         0.07823214171371987991
18 41         0.18200285415258390942
18 53         0.32269475624090748767
18 59         0.46616859662633791661
18 60         0.61758218501581907400
18 87         0.84894216286434898144
19 3         0.79779805187033403513
19 15         0.70861561024031394229
19 21         0.28331474600514150453
19 24         0.07452980059875631558
19 36         0.98484462731743449559
19 43         0.78826525378425849055
19 60         0.42477373519203331931
19 80         0.89705532505039842217
20 5         0.32837443814071565207
20 16         0.87341381836375864278
20 21         0.34956245885675885088
20 33         0.14398199838771577608
20 58         0.07254501063029515640
20 84         0.12997598765882475980
20 94         0.32930852860645787317
21 10         0.17272213249128412493
21 19         0.28331474600514150453
21 20         0.34956245885675885088
21 22         0.98594632278473415266
21 35         0.23932077793372830143
21 37         0.34384137966848976609
21 55         0.13823845383629129735
21 59         0.46006745400841697613
21 60         0.43400856872741533365
21 62         0.62887092476192441026
21 67         0.86518121178503204494
21 70         0.74763775931095599603
21 74         0.30429514977349675364
21 82         0.10223326557419880334
21 84         0.69207644215415997646
21 93         0.34719630253836342160
21 99         0.93189529372933099793
22 4         0.84927160891204678261
22 21         0.98594632278473415266
22 28         0.48193582309500121452
22 40         0.41398373963962481481
22 47         0.48364835068753375680
22 69         0.36359829658809972308
22 72         0.94643521818632037057
22 82         0.43184351289265021645
22 87         0.21178590749007925043
22 95         0.66822449288713958726
22 99         0.88303659152380964414
23 17         0.70606673215798421150
23 18         0.07823214171371987991
23 33         0.92541952008633854287
23 48         0.92257201900825469565
23 54         0.93896334894884536659
23 67         0.21825690531090688462
23 87         0.08418464431734040687
24 16         0.03826483573683762962
24 19         0.07452980059875631558
24 26         0.79964569667337725978
24 43         0.07416096985068217073
24 57         0.03928034335341320377
24 59         0.87005268776326094571
24 96         0.29637167849409007392
25 3         0.38043446111513046226
25 5         0.90220807348480824839
25 28         0.62935931590821558856
25 42         0.02070805803905616596
25 50         0.76177780784749327125
25 58         0.03032402881901898745
25 72         0.28004201328383854230
25 79         0.50147976330550381174
25 81         0.93327253914124919110
25 86         0.77825733124197338242
25 88         0.18376534533862273757
25 90         0.77330094611891586620
25 91         0.05602217747644622908
25 96         0.92657579478182638955
25 97         0.15471050662673568876
26 24         0.79964569667337725978
26 30         0.89231780399210647303
26 40         0.71729692943268308358
26 44         0.92091435702560209275
26 48         0.44832229355737673870
26 59         0.80909530856138811572
26 67         0.21452399120411089206
26 69         0.50346098491151858312
26 72         0.74894197040653875952
26 74         0.66179157870905080951
26 83         0.09249373762518807440
26 86         0.68421852527382709397
26 91         0.66322692700811980426
27 12         0.14834193799101838551
27 15         0.36215433122690504630
27 28         0.53284599004911537001
27 34         0.53103276180617176028
27 36         0.53976034072216616533
27 50         0.60888285963278399038
27 67         0.23226153861370940623
27 89         0.22067854470604963968
27 94         0.35108990005733908824
27 97         0.36679633258227090087
28 3         0.68598636457975314951
28 6         0.65402863437963121296
28 22         0.48193582309500121452
28 25         0.62935931590821558856
28 27         0.53284599004911537001
28 29         0.97943412930678297457
28 31         0.45936473526962323666
28 37         0.28428928101635037029
28 43         0.92537655119103223722
28 54         0.86126501153282120082
28 59         0.60040544327367351141
28 64         0.99999357108026443175
28 68         0.58963670841866955286
28 75         0.09964006352221596585
28 78         0.06045887575506180001
28 88         0.62947970332087932466
28 97         0.50001859827899308719
29 2         0.61263983259566123785
29 8         0.77270593017931377133
29 16         0.25443247019054016089
29 28         0.97943412930678297457
29 40         0.49544406658757667028
29 42         0.76991383627518727994
29 44         0.87900943629397521040
29 46         0.51253536414007438982
29 49         0.67781236240538411675
29 59         0.74515440442839375734
29 71         0.21913605752360823531
29 85         0.06356059716248912972
29 95         0.87761377816908703320
30 17         0.03566643830186987107
30 26         0.89231780399210647303
30 33         0.78719685496166202920
30 39         0.51904781931966903485
30 42         0.12680519657526406752
30 54         0.60142674418232722200
30 58         0.92606754271596092298
30 61         0.60910586202941174871
30 81         0.09114857953560938364
30 82         0.12979044678145573721
30 85         0.77846273350457784179
30 96         0.71751245656866224909
30 98         0.00507620303196655749
31 2         0.61549100494733588462
31 9         0.28718946189023064619
31 10         0.45826855136932270751
31 12         0.12266403861467914393
31 28         0.45936473526962323666
31 32         0.86719734727740160896
31 52         0.48015550127260175906
31 53         0.55852370735189116324
31 61         0.02086391626897450211
31 62         0.21069156108921932580
31 81         0.00357857439833626821
31 93         0.59689900725935540748
32 10         0.80937067736376577809
32 31         0.86719734727740160896
32 51         0.57942999414141760361
32 54         0.07363786179276084198
32 60         0.65730403953106331105
32 71         0.52156337980253775211
32 92         0.43892388997549369734
32 97         0.79299463135795422719
33 3         0.65914604983252755854
33 7         0.69246346116646351199
33 15         0.97069263503453351305
33 20         0.14398199838771577608
33 23         0.92541952008633854287
33 30         0.78719685496166202920
33 33         0.59619622705327168788
33 34         0.11215656395636339204
33 43         0.86078421206250055331
33 57         0.76644759707453080644
33 84         0.04008706521246910987
33 94         0.18820104197980885852
33 97         0.32517709598186289588
33 98         0.55273759623651286255
33 99         0.93271617541681794972
34 5         0.39374609077058086992
34 27         0.53103276180617176028
34 33         0.11215656395636339204
34 39         0.64269252710169766374
34 64         0.87053986493057566864
34 67         0.73853431490181675745
34 77         0.49440688010976041600
34 78         0.14766001475400292176
34 81         0.50240126741230550778
34 98         0.13695610274419006691
35 4         0.56875398083066286414
35 21         0.23932077793372830143
35 41         0.28875161348318290067
35 51         0.78534619313913689442
35 52         0.08965498818534192726
35 64         0.74867836607092919099
35 77         0.61895833379540510233
35 82         0.08441099528428679111
35 93         0.03542090674649035070
35 95         0.08659621378714042750
36 0         0.57669051577182972590
36 6         0.03551929585427013314
36 9         0.13905819977589797820
36 19         0.98484462731743449559
36 27         0.53976034072216616533
36 42         0.57619954812163465263
36 50         0.01386625692894042326
36 60         0.20035235872508602717
36 70         0.67256016501810411690
36 72         0.01630057162432958090
36 85         0.62319445639066139986
36 98         0.88872332539815612762
37 21         0.34384137966848976609
37 28         0.28428928101635037029
37 39         0.00220921961693522524
37 49         0.05872324344642611271
37 62         0.09374023605777892509
37 70         0.44304263565831009108
37 72         0.14033798926525656303
37 91         0.24414861260175174662
37 98         0.91902647396504244526
38 12         0.56332674322804754397
38 13         0.16396800343132020283
38 14         0.64978654945724945158
38 43         0.35616196149781437219
38 51         0.15520186589807358213
38 57         0.21474086363554972801
38 71         0.00112547958322124536
38 80         0.88220425829393989137
38 83         0.53325259384384959827
38 88         0.40676657408790967141
38 91         0.87593198468719235539
39 0         0.21156546576487156308
39 11         0.83682776467726927017
39 30         0.51904781931966903485
39 34         0.64269252710169766374
39 37         0.00220921961693522524
39 40         0.86175872192799984894
39 43         0.64965896431806446909
39 46         0.77465926845309285298
39 49         0.26902236056934220043
39 51         0.47304549462769435175
39 59         0.09012970285961856287
39 68         0.92396978890708170162
39 69         0.90089635173831894566
39 74         0.94870819940637252099
39 95         0.21582495896882608610
39 96         0.96568158127632064414
39 98         0.46065165123932605429
40 4         0.07699468083539730279
40 8         0.88072508754242451179
40 22         0.41398373963962481481
40 26         0.71729692943268308358
40 29         0.49544406658757667028
40 39         0.86175872192799984894
40 45         0.72970156638403493865
40 49         0.09348047715308166472
40 71         0.44687601059995407660
40 82         0.88501420891145909930
40 83         0.35994223894548704745
40 84         0.59695214805982643735
40 95         0.57976526281785467631
41 15         0.64684047486951601336
41 16         0.51435169415285419969
41 18         0.18200285415258390942
41 35         0.28875161348318290067
41 86         0.55644375530837275612
41 90         0.31318700421284279001
42 11         0.25021030206708716470
42 25         0.02070805803905616596
42 29         0.76991383627518727994
42 30         0.12680519657526406752
42 36         0.57619954812163465263
42 60         0.04916246004829297883
42 61         0.90417003301166465334
42 82         0.84768443594113196404
42 87         0.83813360279339066405
42 98         0.20784359109021890988
43 4         0.98359573817979351062
43 19         0.78826525378425849055
43 24         0.07416096985068217073
43 28         0.92537655119103223722
43 33         0.86078421206250055331
43 38         0.35616196149781437219
43 39         0.64965896431806446909
43 46         0.18255578735030991711
43 50         0.68786139026650294781
43 72         0.84080411672629606912
43 73         0.05805228280744156172
43 79         0.12774270080390512372
43 80         0.98497963882283290360
43 81         0.79387851236103035291
43 91         0.16313149927329806399
44 26         0.92091435702560209275
44 29         0.87900943629397521040
44 49         0.10085697802754910180
44 54         0.30598748675826353827
44 60         0.47516387397198184273
44 89         0.90680393386017710267
45 0         0.76907448599537575618
45 40         0.72970156638403493865
45 52         0.56837940242531681534
45 56         0.86457896040034432072
45 74         0.40526734683907933432
45 82         0.93080979535859531548
45 83         0.63024315686442100581
46 0         0.82676941008622262252
46 17         0.05343939878672333138
46 29         0.51253536414007438982
46 39         0.77465926845309285298
46 43         0.18255578735030991711
46 51         0.46142047339185160437
46 68         0.16964950094448844053
46 90         0.79549041008366760952
47 7         0.04636518845631051183
47 22         0.48364835068753375680
47 50         0.70826245039154889227
47 51         0.56361743787472018408
47 65         0.74673032935090843942
47 72         0.26581832965175544725
47 81         0.31195047232878880816
48 4         0.23389170469431752597
48 5         0.12966339948105784496
48 23         0.92257201900825469565
48 26         0.44832229355737673870
48 53         0.60972911473816682193
48 56         0.01457934361630088861
48 72         0.18042123838347440268
49 10         0.43219911327222321207
49 15         0.92551108259964320890
49 29         0.67781236240538411675
49 37         0.05872324344642611271
49 39         0.26902236056934220043
49 40         0.09348047715308166472
49 44         0.10085697802754910180
49 51         0.43245160553252864899
49 94         0.59711351040616333918
49 97         0.87827769614675910148
49 98         0.27917751776016203058
50 0         0.88634432986674105415
50 25         0.76177780784749327125
50 27         0.60888285963278399038
50 36         0.01386625692894042326
50 43         0.68786139026650294781
50 47         0.70826245039154889227
50 54         0.59619132969351085194
50 62         0.05046626648421691230
50 68         0.52262866102281424485
50 76         0.11466781381269348927
50 83         0.80578897977517405238
50 87         0.03165323381854837775
50 93         0.12546847580255404697
51 4         0.93151806198596864839
51 6         0.35924667695502132680
51 32         0.57942999414141760361
51 35         0.78534619313913689442
51 38         0.15520186589807358213
51 39         0.47304549462769435175
51 46         0.46142047339185160437
51 47         0.56361743787472018408
51 49         0.43245160553252864899
51 54         0.68666990831804919360
51 59         0.53295983724899587131
51 70         0.66441440985743627223
51 83         0.05307333173839064860
51 97         0.63520392060056507511
52 31         0.48015550127260175906
52 35         0.08965498818534192726
52 45         0.56837940242531681534
52 63         0.05168515166811885053
52 65         0.53234189354457983612
52 66         0.18457743208137220026
52 71         0.66832554976843561167
52 78         0.60437877178396037792
52 96         0.19802058823314522273
53 8         0.86943978577360503390
53 9         0.30824685530189743776
53 18         0.32269475624090748767
53 31         0.55852370735189116324
53 48         0.60972911473816682193
53 86         0.88934346283289766877
53 87         0.00004687765615381191
53 97         0.15238979186508327945
54 4         0.61124118213133937783
54 23         0.93896334894884536659
54 28         0.86126501153282120082
54 30         0.60142674418232722200
54 32         0.07363786179276084198
54 44         0.30598748675826353827
54 50         0.59619132969351085194
54 51         0.68666990831804919360
54 76         0.73531129291994090647
54 86         0.94431809612750916560
54 88         0.86419425199934940540
54 90         0.07009020404428718820
55 14         0.70091034877156388472
55 21         0.13823845383629129735
55 55         0.62405960337447918818
55 63         0.58458516867113541338
55 70         0.66796015886029236341
55 74         0.38465840806470180668
55 75         0.29317737291249323928
55 79         0.75558083539622877822
55 94         0.13607461198050277429
55 97         0.82854631954270707705
56 1         0.22610662515559543095
56 4         0.38666929182907067153
56 45         0.86457896040034432072
56 48         0.01457934361630088861
56 68         0.00856861472528828994
56 73         0.06417132078864207223
56 93         0.29251678441302703115
57 11         0.57312186321854674542
57 13         0.53941341794068620175
57 15         0.64652018325706950286
57 24         0.03928034335341320377
57 33         0.76644759707453080644
57 38         0.21474086363554972801
57 59         0.20297697940979944620
57 62         0.46439288438502368539
57 74         0.59634050894358214823
57 78         0.76701367030246825340
57 85         0.69337028762948249572
57 88         0.67460524368779972715
58 12         0.32454141710165024248
58 20         0.07254501063029515640
58 25         0.03032402881901898745
58 30         0.92606754271596092298
58 69         0.52428719006678425885
58 71         0.80102387713316081097
58 73         0.46285224960318405163
58 82         0.26049694244772986229
58 93         0.76161244453937393395
59 6         0.94322208824717534981
59 17         0.59727976033337404349
59 18         0.46616859662633791661
59 21         0.46006745400841697613
59 24         0.87005268776326094571
59 26         0.80909530856138811572
59 28         0.60040544327367351141
59 29         0.74515440442839375734
59 39         0.09012970285961856287
59 51         0.53295983724899587131
59 57         0.20297697940979944620
59 65         0.81969515272401982653
59 78         0.75728179084010505129
59 90         0.95222972517471282661
60 4         0.64754769655296007258
60 18         0.61758218501581907400
60 19         0.42477373519203331931
60 21         0.43400856872741533365
60 32         0.65730403953106331105
60 36         0.20035235872508602717
60 42         0.04916246004829297883
60 44         0.47516387397198184273
60 62         0.24698973831114812150
60 63         0.19972384078415289510
60 65         0.85241116436776298571
61 6         0.81937403176882028788
61 13         0.38289593271114674700
61 30         0.60910586202941174871
61 31         0.02086391626897450211
61 42         0.90417003301166465334
61 62         0.65308668308569428618
61 71         0.72939770004218340560
61 90         0.69809626960106951898
62 21         0.62887092476192441026
62 31         0.21069156108921932580
62 37         0.09374023605777892509
62 50         0.05046626648421691230
62 57         0.46439288438502368539
62 60         0.24698973831114812150
62 61         0.65308668308569428618
62 83         0.57861257417994205188
62 97         0.19589787497925473247
63 52         0.05168515166811885053
63 55         0.58458516867113541338
63 60         0.19972384078415289510
63 69         0.62216661061261158139
63 87         0.13884495903684057616
63 90         0.68309832908357415171
63 99         0.91893038801799076243
64 6         0.99352771602269618345
64 28         0.99999357108026443175
64 34         0.87053986493057566864
64 35         0.74867836607092919099
64 67         0.21985335704863692707
64 75         0.14823025192517333415
65 6         0.79347038818219228773
65 8         0.25726548221766271096
65 9         0.11220535082379605452
65 14         0.93085426601155396575
65 47         0.74673032935090843942
65 52         0.53234189354457983612
65 59         0.81969515272401982653
65 60         0.85241116436776298571
65 75         0.28313835444074980652
65 86         0.99311038059792966504
66 52         0.18457743208137220026
66 75         0.18769316896223145474
66 80         0.69248769185155989447
66 84         0.54804204988667837295
66 97         0.21160428794641247818
66 98         0.10244288719372958429
67 5         0.33497169070642984767
67 12         0.91739473534626636564
67 21         0.86518121178503204494
67 23         0.21825690531090688462
67 26         0.21452399120411089206
67 27         0.23226153861370940623
67 34         0.73853431490181675745
67 64         0.21985335704863692707
67 68         0.80417675422699042009
67 89         0.26157032151779641138
68 8         0.96740513852210952006
68 14         0.65720090906005390607
68 28         0.58963670841866955286
68 39         0.92396978890708170162
68 46         0.16964950094448844053
68 50         0.52262866102281424485
68 56         0.00856861472528828994
68 67         0.80417675422699042009
68 71         0.32964207852708271584
68 87         0.32609684361428808996
68 89         0.56616449429009318983
69 5         0.14179637848483228613
69 8         0.25667331426249506698
69 10         0.51034902665314685333
69 17         0.95875345261709454814
69 22         0.36359829658809972308
69 26         0.50346098491151858312
69 39         0.90089635173831894566
69 58         0.52428719006678425885
69 63         0.62216661061261158139
69 71         0.59964445028437507457
69 76         0.93771387773459491388
69 79         0.78328199395131414828
69 86         0.32375484347518290740
69 95         0.55864479372214748132
70 15         0.52599535022210108792
70 21         0.74763775931095599603
70 36         0.67256016501810411690
70 37         0.44304263565831009108
70 51         0.66441440985743627223
70 55         0.66796015886029236341
70 84         0.57372118186844567322
70 94         0.73979402367947344477
70 96         0.06309583832653976876
71 4         0.52682699008231381743
71 29         0.21913605752360823531
71 32         0.52156337980253775211
71 38         0.00112547958322124536
71 40         0.44687601059995407660
71 52         0.66832554976843561167
71 58         0.80102387713316081097
71 61         0.72939770004218340560
71 68         0.32964207852708271584
71 69         0.59964445028437507457
72 8         0.59504525670551011718
72 22         0.94643521818632037057
72 25         0.28004201328383854230
72 26         0.74894197040653875952
72 36         0.01630057162432958090
72 37         0.14033798926525656303
72 43         0.84080411672629606912
72 47         0.26581832965175544725
72 48         0.18042123838347440268
72 78         0.72614422707173242877
72 87         0.24141491076043569697
72 92         0.58357029807920113296
73 13         0.77427349461907213346
73 14         0.46747087476191617750
73 15         0.87901258602692400324
73 43         0.05805228280744156172
73 56         0.06417132078864207223
73 58         0.46285224960318405163
73 94         0.36010511562233099569
74 7         0.01799767744634192188
74 14         0.05016788516667107511
74 21         0.30429514977349675364
74 26         0.66179157870905080951
74 39         0.94870819940637252099
74 45         0.40526734683907933432
74 55         0.38465840806470180668
74 57         0.59634050894358214823
75 28         0.09964006352221596585
75 55         0.29317737291249323928
75 64         0.14823025192517333415
75 65         0.28313835444074980652
75 66         0.18769316896223145474
75 79         0.45993651331399404425
75 81         0.74977088242292910802
75 88         0.31293971432044159764
76 1         0.71619947101743863804
76 5         0.95971639592187307777
76 8         0.88007523626092598601
76 50         0.11466781381269348927
76 54         0.73531129291994090647
76 69         0.93771387773459491388
76 83         0.18406622446331485921
76 90         0.30116885867955572875
76 98         0.88068317430125697687
77 0         0.79375344970903982666
77 34         0.49440688010976041600
77 35         0.61895833379540510233
77 79         0.69871300957105730856
77 95         0.35050525951688421555
77 96         0.68357399743216762378
77 99         0.85886598464980068446
78 12         0.72829567395536953800
78 28         0.06045887575506180001
78 34         0.14766001475400292176
78 52         0.60437877178396037792
78 57         0.76701367030246825340
78 59         0.75728179084010505129
78 72         0.72614422707173242877
79 5         0.62298781360638688653
79 12         0.94664049239207082032
79 13         0.04882581254878352178
79 25         0.50147976330550381174
79 43         0.12774270080390512372
79 55         0.75558083539622877822
79 69         0.78328199395131414828
79 75         0.45993651331399404425
79 77         0.69871300957105730856
79 90         0.52707495658056580101
79 96         0.51438218053168716093
79 99         0.28877777526563863653
80 19         0.89705532505039842217
80 38         0.88220425829393989137
80 43         0.98497963882283290360
80 66         0.69248769185155989447
80 87         0.86908967088399902146
81 9         0.73895938263226268461
81 14         0.23524518368544297675
81 25         0.93327253914124919110
81 30         0.09114857953560938364
81 31         0.00357857439833626821
81 34         0.50240126741230550778
81 43         0.79387851236103035291
81 47         0.31195047232878880816
81 75         0.74977088242292910802
81 81         0.57767825367752378973
81 86         0.24796231242267521844
81 87         0.78924371990805664012
82 21         0.10223326557419880334
82 22         0.43184351289265021645
82 30         0.12979044678145573721
82 35         0.08441099528428679111
82 40         0.88501420891145909930
82 42         0.84768443594113196404
82 45         0.93080979535859531548
82 58         0.26049694244772986229
83 1         0.19553806641862636617
83 3         0.53958392773735519565
83 14         0.29460130086848573816
83 16         0.69369207028937152071
83 26         0.09249373762518807440
83 38         0.53325259384384959827
83 40         0.35994223894548704745
83 45         0.63024315686442100581
83 50         0.80578897977517405238
83 51         0.05307333173839064860
83 62         0.57861257417994205188
83 76         0.18406622446331485921
83 86         0.78309922375860585575
83 89         0.95266225186766229083
83 90         0.65113208240416464712
84 20         0.12997598765882475980
84 21         0.69207644215415997646
84 33         0.04008706521246910987
84 40         0.59695214805982643735
84 66         0.54804204988667837295
84 70         0.57372118186844567322
84 88         0.22896817104377231722
84 90         0.90964295757452162672
84 93         0.70790909496504306198
84 98         0.68752709575347936699
85 6         0.67990375481541442948
85 11         0.94700096498569519277
85 29         0.06356059716248912972
85 30         0.77846273350457784179
85 36         0.62319445639066139986
85 57         0.69337028762948249572
85 89         0.63358483539595489287
85 93         0.13811373158270201511
86 12         0.31356008691413334022
86 13         0.63352216949384765332
86 25         0.77825733124197338242
86 26         0.68421852527382709397
86 41         0.55644375530837275612
86 53         0.88934346283289766877
86 54         0.94431809612750916560
86 65         0.99311038059792966504
86 69         0.32375484347518290740
86 81         0.24796231242267521844
86 83         0.78309922375860585575
86 89         0.80077459747007795343
86 92         0.27777471080318777430
86 98         0.86746906902057541178
87 9         0.31298954613180346440
87 14         0.92306912733384838265
87 18         0.84894216286434898144
87 22         0.21178590749007925043
87 23         0.08418464431734040687
87 42         0.83813360279339066405
87 50         0.03165323381854837775
87 53         0.00004687765615381191
87 63         0.13884495903684057616
87 68         0.32609684361428808996
87 72         0.24141491076043569697
87 80         0.86908967088399902146
87 81         0.78924371990805664012
87 99         0.76912136365152961037
88 25         0.18376534533862273757
88 28         0.62947970332087932466
88 38         0.40676657408790967141
88 54         0.86419425199934940540
88 57         0.67460524368779972715
88 75         0.31293971432044159764
88 84         0.22896817104377231722
89 27         0.22067854470604963968
89 44         0.90680393386017710267
89 67         0.26157032151779641138
89 68         0.56616449429009318983
89 83         0.95266225186766229083
89 85         0.63358483539595489287
89 86         0.80077459747007795343
90 5         0.11328055482044842306
90 9         0.32601346323546648298
90 12         0.51504908106990576755
90 25         0.77330094611891586620
90 41         0.31318700421284279001
90 46         0.79549041008366760952
90 54         0.07009020404428718820
90 59         0.95222972517471282661
90 61         0.69809626960106951898
90 63         0.68309832908357415171
90 76         0.30116885867955572875
90 79         0.52707495658056580101
90 83         0.65113208240416464712
90 84         0.90964295757452162672
90 92         0.10977768856556047172
90 93         0.50879888679310625310
90 95         0.86191712266854803026
90 98         0.82993904353582259592
91 25         0.05602217747644622908
91 26         0.66322692700811980426
91 37         0.24414861260175174662
91 38         0.87593198468719235539
91 43         0.16313149927329806399
92 9         0.14424626535933757210
92 17         0.78600209801737319637
92 32         0.43892388997549369734
92 72         0.58357029807920113296
92 86         0.27777471080318777430
92 90         0.10977768856556047172
92 95         0.18116121328489911968
93 8         0.53611457279702390277
93 10         0.22441548166070854342
93 15         0.19755136929338396046
93 21         0.34719630253836342160
93 31         0.59689900725935540748
93 35         0.03542090674649035070
93 50         0.12546847580255404697
93 56         0.29251678441302703115
93 58         0.76161244453937393395
93 84         0.70790909496504306198
93 85         0.13811373158270201511
93 90         0.50879888679310625310
94 13         0.70699525890266301520
94 16         0.63777096878633410260
94 20         0.32930852860645787317
94 27         0.35108990005733908824
94 33         0.18820104197980885852
94 49         0.59711351040616333918
94 55         0.13607461198050277429
94 70         0.73979402367947344477
94 73         0.36010511562233099569
94 97         0.30540800621053576513
95 22         0.66822449288713958726
95 29         0.87761377816908703320
95 35         0.08659621378714042750
95 39         0.21582495896882608610
95 40         0.57976526281785467631
95 69         0.55864479372214748132
95 77         0.35050525951688421555
95 90         0.86191712266854803026
95 92         0.18116121328489911968
95 98         0.33907080550634804972
95 99         0.02947622352720993821
96 15         0.38732254197230681081
96 24         0.29637167849409007392
96 25         0.92657579478182638955
96 30         0.71751245656866224909
96 39         0.96568158127632064414
96 52         0.19802058823314522273
96 70         0.06309583832653976876
96 77         0.68357399743216762378
96 79         0.51438218053168716093
96 99         0.12114316184126919240
97 0         0.82589457641630181772
97 1         0.43195341826973177035
97 7         0.34494295499517718673
97 17         0.93500398655189387309
97 25         0.15471050662673568876
97 27         0.36679633258227090087
97 28         0.50001859827899308719
97 32         0.79299463135795422719
97 33         0.32517709598186289588
97 49         0.87827769614675910148
97 51         0.63520392060056507511
97 53         0.15238979186508327945
97 55         0.82854631954270707705
97 62         0.19589787497925473247
97 66         0.21160428794641247818
97 94         0.30540800621053576513
98 7         0.80464069815568661781
98 30         0.00507620303196655749
98 33         0.55273759623651286255
98 34         0.13695610274419006691
98 36         0.88872332539815612762
98 37         0.91902647396504244526
98 39         0.46065165123932605429
98 42         0.20784359109021890988
98 49         0.27917751776016203058
98 66         0.10244288719372958429
98 76         0.88068317430125697687
98 84         0.68752709575347936699
98 86         0.86746906902057541178
98 90         0.82993904353582259592
98 95         0.33907080550634804972
99 11         0.12666924257141967680
99 17         0.40237877490109708045
99 21         0.93189529372933099793
99 22         0.88303659152380964414
99 33         0.93271617541681794972
99 63         0.91893038801799076243
99 77         0.85886598464980068446
99 79         0.28877777526563863653
99 87         0.76912136365152961037
99 95         0.02947622352720993821
99 96         0.12114316184126919240
